{
    "113bdf9278314c72b7f8988a67f0dff9": {
        "lidar_path": "/localdata_ssd/nuScenes/samples/LIDAR_TOP/n008-2018-08-01-15-16-36-0400__LIDAR_TOP__1533151696698750.pcd.bin",
        "token": "113bdf9278314c72b7f8988a67f0dff9",
        "prev": "627e704445a44e158f8bd7566d764de3",
        "next": "43d141efa6e3497488b3e705abdeba6d",
        "can_bus": [
            915.959384307598,
            1394.2825682179944,
            0.0,
            0.9852202901328643,
            0.0,
            0.0,
            -0.17129208945691177,
            -0.4099404902155238,
            0.5814462415524507,
            9.922585853230252,
            -0.005060947500169277,
            0.034795038402080536,
            0.030523139983415604,
            9.254043908772994,
            0.0,
            0.0,
            0.0,
            0.0
        ],
        "frame_idx": 14,
        "sweeps": [
            {
                "data_path": "/localdata_ssd/nuScenes/sweeps/LIDAR_TOP/n008-2018-08-01-15-16-36-0400__LIDAR_TOP__1533151696648986.pcd.bin",
                "type": "lidar",
                "sample_data_token": "2d503c6a9e5d49c9bb077bd1a053462c",
                "sensor2ego_translation": [
                    0.985793,
                    0.0,
                    1.84019
                ],
                "sensor2ego_rotation": [
                    0.706749235646644,
                    -0.015300993788500868,
                    0.01739745181256607,
                    -0.7070846669051719
                ],
                "ego2global_translation": [
                    915.5439678123662,
                    1394.4336002886503,
                    0.0
                ],
                "ego2global_rotation": [
                    0.9849939033783928,
                    0.008410564009364116,
                    -0.004426948749292229,
                    -0.1723272318735919
                ],
                "timestamp": 1533151696648986,
                "sensor2lidar_rotation": [
                    [
                        0.9999975636083794,
                        0.002192786491620812,
                        0.0002538990119871324
                    ],
                    [
                        -0.0021924064383488126,
                        0.9999964902031793,
                        -0.001487593806366688
                    ],
                    [
                        -0.0002571600964568216,
                        0.0014870335321770444,
                        0.9999988612993317
                    ]
                ],
                "sensor2lidar_translation": [
                    0.0002802538604100846,
                    -0.47124661706686766,
                    -0.018336120632564956
                ]
            },
            {
                "data_path": "/localdata_ssd/nuScenes/sweeps/LIDAR_TOP/n008-2018-08-01-15-16-36-0400__LIDAR_TOP__1533151696599196.pcd.bin",
                "type": "lidar",
                "sample_data_token": "b1efc59de8cd4e70a003859ce5cd6929",
                "sensor2ego_translation": [
                    0.985793,
                    0.0,
                    1.84019
                ],
                "sensor2ego_rotation": [
                    0.706749235646644,
                    -0.015300993788500868,
                    0.01739745181256607,
                    -0.7070846669051719
                ],
                "ego2global_translation": [
                    915.1076131027623,
                    1394.5932667379698,
                    0.0
                ],
                "ego2global_rotation": [
                    0.984773498860771,
                    0.008410162219741012,
                    -0.004611428284519342,
                    -0.1735775326536512
                ],
                "timestamp": 1533151696599196,
                "sensor2lidar_rotation": [
                    [
                        0.9999887589465571,
                        0.004722404160912393,
                        0.0004252992627171634
                    ],
                    [
                        -0.004721595738404669,
                        0.9999870818658047,
                        -0.0018821889366615668
                    ],
                    [
                        -0.00043418222551033244,
                        0.0018801596876887536,
                        0.9999981382409375
                    ]
                ],
                "sensor2lidar_translation": [
                    4.210102565593843e-05,
                    -0.9362139792969515,
                    -0.0374930480194795
                ]
            },
            {
                "data_path": "/localdata_ssd/nuScenes/sweeps/LIDAR_TOP/n008-2018-08-01-15-16-36-0400__LIDAR_TOP__1533151696548896.pcd.bin",
                "type": "lidar",
                "sample_data_token": "2ca5d9179b97497391ac221f1b0657a7",
                "sensor2ego_translation": [
                    0.985793,
                    0.0,
                    1.84019
                ],
                "sensor2ego_rotation": [
                    0.706749235646644,
                    -0.015300993788500868,
                    0.01739745181256607,
                    -0.7070846669051719
                ],
                "ego2global_translation": [
                    914.6687178068546,
                    1394.759820443356,
                    0.0
                ],
                "ego2global_rotation": [
                    0.9845937363383184,
                    0.008366675304323213,
                    -0.0044159092117471285,
                    -0.17460146864655957
                ],
                "timestamp": 1533151696548896,
                "sensor2lidar_rotation": [
                    [
                        0.9999767427081452,
                        0.006810419956282884,
                        0.0003636245654325427
                    ],
                    [
                        -0.0068098534997218605,
                        0.999975631530314,
                        -0.0015369583140046824
                    ],
                    [
                        -0.00037408303603201883,
                        0.0015344463384971128,
                        0.9999987527673792
                    ]
                ],
                "sensor2lidar_translation": [
                    -0.006654927736462923,
                    -1.404501361773555,
                    -0.05762844868199224
                ]
            },
            {
                "data_path": "/localdata_ssd/nuScenes/sweeps/LIDAR_TOP/n008-2018-08-01-15-16-36-0400__LIDAR_TOP__1533151696499136.pcd.bin",
                "type": "lidar",
                "sample_data_token": "ccf8989229da4061a2121c22b869b519",
                "sensor2ego_translation": [
                    0.985793,
                    0.0,
                    1.84019
                ],
                "sensor2ego_rotation": [
                    0.706749235646644,
                    -0.015300993788500868,
                    0.01739745181256607,
                    -0.7070846669051719
                ],
                "ego2global_translation": [
                    914.2310133633889,
                    1394.9274543366328,
                    0.0
                ],
                "ego2global_rotation": [
                    0.9844684955075329,
                    0.008207941138493543,
                    -0.00352255460583389,
                    -0.17533397464396316
                ],
                "timestamp": 1533151696499136,
                "sensor2lidar_rotation": [
                    [
                        0.9999651844585504,
                        0.008342440609500686,
                        -0.00018318146810601292
                    ],
                    [
                        -0.00834241265487947,
                        0.9999651897890853,
                        0.00015284361387887102
                    ],
                    [
                        0.00018445018029179057,
                        -0.0001513101171480157,
                        0.9999999715416874
                    ]
                ],
                "sensor2lidar_translation": [
                    -0.0161847751555797,
                    -1.8695018563288954,
                    -0.0789692459787723
                ]
            },
            {
                "data_path": "/localdata_ssd/nuScenes/sweeps/LIDAR_TOP/n008-2018-08-01-15-16-36-0400__LIDAR_TOP__1533151696449377.pcd.bin",
                "type": "lidar",
                "sample_data_token": "3c2bea1ff70e43ad9f34d6eeb51ffe19",
                "sensor2ego_translation": [
                    0.985793,
                    0.0,
                    1.84019
                ],
                "sensor2ego_rotation": [
                    0.706749235646644,
                    -0.015300993788500868,
                    0.01739745181256607,
                    -0.7070846669051719
                ],
                "ego2global_translation": [
                    913.7949985916237,
                    1395.093922427889,
                    0.0
                ],
                "ego2global_rotation": [
                    0.9843396424856642,
                    0.008054712586842733,
                    -0.0028309590105097615,
                    -0.17607548241427526
                ],
                "timestamp": 1533151696449377,
                "sensor2lidar_rotation": [
                    [
                        0.9999509231208463,
                        0.009885881601407064,
                        -0.0006486098434480262
                    ],
                    [
                        -0.009884934668714445,
                        0.9999500955128843,
                        0.0014472561514601604
                    ],
                    [
                        0.0006628848778666774,
                        -0.0014407736587169432,
                        0.9999987423766602
                    ]
                ],
                "sensor2lidar_translation": [
                    -0.02502482864179001,
                    -2.333269300466611,
                    -0.0998635988212353
                ]
            },
            {
                "data_path": "/localdata_ssd/nuScenes/sweeps/LIDAR_TOP/n008-2018-08-01-15-16-36-0400__LIDAR_TOP__1533151696399046.pcd.bin",
                "type": "lidar",
                "sample_data_token": "1a244d0c64f3416ebbd5ddfe1a25df84",
                "sensor2ego_translation": [
                    0.985793,
                    0.0,
                    1.84019
                ],
                "sensor2ego_rotation": [
                    0.706749235646644,
                    -0.015300993788500868,
                    0.01739745181256607,
                    -0.7070846669051719
                ],
                "ego2global_translation": [
                    913.3530552978912,
                    1395.263538473043,
                    0.0
                ],
                "ego2global_rotation": [
                    0.9842014941583714,
                    0.007928919752978277,
                    -0.002794814925143975,
                    -0.17685231165442714
                ],
                "timestamp": 1533151696399046,
                "sensor2lidar_rotation": [
                    [
                        0.9999338190268112,
                        0.011474127610694973,
                        -0.0008378317423606488
                    ],
                    [
                        -0.011472897931958685,
                        0.999933121134241,
                        0.0014580369599482305
                    ],
                    [
                        0.0008545054112635723,
                        -0.0014483281075790115,
                        0.9999985860820971
                    ]
                ],
                "sensor2lidar_translation": [
                    -0.03426367624979321,
                    -2.8060930891042517,
                    -0.11989906865856348
                ]
            },
            {
                "data_path": "/localdata_ssd/nuScenes/sweeps/LIDAR_TOP/n008-2018-08-01-15-16-36-0400__LIDAR_TOP__1533151696349283.pcd.bin",
                "type": "lidar",
                "sample_data_token": "ef6da72d034a47ad80d960fe88b22e0a",
                "sensor2ego_translation": [
                    0.985793,
                    0.0,
                    1.84019
                ],
                "sensor2ego_rotation": [
                    0.706749235646644,
                    -0.015300993788500868,
                    0.01739745181256607,
                    -0.7070846669051719
                ],
                "ego2global_translation": [
                    912.903401046027,
                    1395.4346737838105,
                    0.0
                ],
                "ego2global_rotation": [
                    0.9839811802868289,
                    0.00780713524590725,
                    -0.0028326728303126147,
                    -0.17807880683907154
                ],
                "timestamp": 1533151696349283,
                "sensor2lidar_rotation": [
                    [
                        0.9999019289108286,
                        0.01397220856856235,
                        -0.0009539120074370925
                    ],
                    [
                        -0.013970949791719605,
                        0.9999015384693725,
                        0.0013137459786346178
                    ],
                    [
                        0.000972174016620341,
                        -0.0013002900813739737,
                        0.9999986820608229
                    ]
                ],
                "sensor2lidar_translation": [
                    -0.04137084457670426,
                    -3.286981717261142,
                    -0.14009441763984043
                ]
            },
            {
                "data_path": "/localdata_ssd/nuScenes/sweeps/LIDAR_TOP/n008-2018-08-01-15-16-36-0400__LIDAR_TOP__1533151696301301.pcd.bin",
                "type": "lidar",
                "sample_data_token": "78cebda1ed56430189ba3bd98bb99514",
                "sensor2ego_translation": [
                    0.985793,
                    0.0,
                    1.84019
                ],
                "sensor2ego_rotation": [
                    0.706749235646644,
                    -0.015300993788500868,
                    0.01739745181256607,
                    -0.7070846669051719
                ],
                "ego2global_translation": [
                    912.4676397737755,
                    1395.603081102206,
                    0.0
                ],
                "ego2global_rotation": [
                    0.9837951728280473,
                    0.007547265377126235,
                    -0.0028071094490911786,
                    -0.17911509384220023
                ],
                "timestamp": 1533151696301301,
                "sensor2lidar_rotation": [
                    [
                        0.9998694625801315,
                        0.016098202530222847,
                        -0.0013804618833938808
                    ],
                    [
                        -0.01609647409492546,
                        0.9998696567929227,
                        0.0012541716432691828
                    ],
                    [
                        0.0014004718586857576,
                        -0.0012317873579937033,
                        0.9999982606877246
                    ]
                ],
                "sensor2lidar_translation": [
                    -0.05152386020085942,
                    -3.7537260200261926,
                    -0.15982254913097904
                ]
            },
            {
                "data_path": "/localdata_ssd/nuScenes/sweeps/LIDAR_TOP/n008-2018-08-01-15-16-36-0400__LIDAR_TOP__1533151696249179.pcd.bin",
                "type": "lidar",
                "sample_data_token": "986b403a56aa4546b39ac40740871e4a",
                "sensor2ego_translation": [
                    0.985793,
                    0.0,
                    1.84019
                ],
                "sensor2ego_rotation": [
                    0.706749235646644,
                    -0.015300993788500868,
                    0.01739745181256607,
                    -0.7070846669051719
                ],
                "ego2global_translation": [
                    911.9921067051182,
                    1395.7872928057584,
                    0.0
                ],
                "ego2global_rotation": [
                    0.9836328121599506,
                    0.00713246272230474,
                    -0.0030216453718503134,
                    -0.1800180226451475
                ],
                "timestamp": 1533151696249179,
                "sensor2lidar_rotation": [
                    [
                        0.9998366704953398,
                        0.017956700747007136,
                        -0.002046761117693263
                    ],
                    [
                        -0.017955354209501444,
                        0.9998385622050727,
                        0.0006743759347427945
                    ],
                    [
                        0.0020585402599428426,
                        -0.0006375154684049898,
                        0.9999976779903156
                    ]
                ],
                "sensor2lidar_translation": [
                    -0.06380537281984289,
                    -4.264185221951209,
                    -0.18089989845176824
                ]
            },
            {
                "data_path": "/localdata_ssd/nuScenes/samples/LIDAR_TOP/n008-2018-08-01-15-16-36-0400__LIDAR_TOP__1533151696199428.pcd.bin",
                "type": "lidar",
                "sample_data_token": "c2588f16d6ff48cda68abc2087027a39",
                "sensor2ego_translation": [
                    0.985793,
                    0.0,
                    1.84019
                ],
                "sensor2ego_rotation": [
                    0.706749235646644,
                    -0.015300993788500868,
                    0.01739745181256607,
                    -0.7070846669051719
                ],
                "ego2global_translation": [
                    911.5515567050347,
                    1395.9657301844109,
                    0.0
                ],
                "ego2global_rotation": [
                    0.9835239728359128,
                    0.006943317320690434,
                    -0.003207904545988281,
                    -0.18061587568669418
                ],
                "timestamp": 1533151696199428,
                "sensor2lidar_rotation": [
                    [
                        0.999813415113153,
                        0.019178611428987597,
                        -0.0023056069545004058
                    ],
                    [
                        -0.01917812787721477,
                        0.999816055955449,
                        0.00023165667357876889
                    ],
                    [
                        0.0023096257051595463,
                        -0.0001873962249365396,
                        0.999997315252274
                    ]
                ],
                "sensor2lidar_translation": [
                    -0.0822763039941492,
                    -4.7395305924906665,
                    -0.20077730872306
                ]
            }
        ],
        "cams": {
            "CAM_FRONT": {
                "data_path": "/localdata_ssd/nuScenes/samples/CAM_FRONT/n008-2018-08-01-15-16-36-0400__CAM_FRONT__1533151696662404.jpg",
                "type": "os.path.dirname",
                "sample_data_token": "d0d08cd41d2d48e088803c81133ad03d",
                "sensor2ego_translation": [
                    1.72200568478,
                    0.00475453292289,
                    1.49491291905
                ],
                "sensor2ego_rotation": [
                    0.5077241387638071,
                    -0.4973392230703816,
                    0.49837167536166627,
                    -0.4964832014373754
                ],
                "ego2global_translation": [
                    915.6619692256154,
                    1394.3919832512433,
                    0.0
                ],
                "ego2global_rotation": [
                    0.9850771144188214,
                    0.008435975467917673,
                    -0.004222285445952205,
                    -0.1718548377899384
                ],
                "timestamp": 1533151696662404,
                "sensor2lidar_rotation": [
                    [
                        0.9999100527092771,
                        -0.009492558753213268,
                        -0.009475115790625384
                    ],
                    [
                        0.009989738040443539,
                        0.055719115912621645,
                        0.9983965070330512
                    ],
                    [
                        -0.008949392426990768,
                        -0.9984013578968285,
                        0.05580893230438199
                    ]
                ],
                "sensor2lidar_translation": [
                    -0.004656338787754066,
                    0.4062825649677393,
                    -0.32357836443398647
                ],
                "cam_intrinsic": [
                    [
                        1252.8131021185304,
                        0.0,
                        826.588114781398
                    ],
                    [
                        0.0,
                        1252.8131021185304,
                        469.9846626224581
                    ],
                    [
                        0.0,
                        0.0,
                        1.0
                    ]
                ]
            },
            "CAM_FRONT_RIGHT": {
                "data_path": "/localdata_ssd/nuScenes/samples/CAM_FRONT_RIGHT/n008-2018-08-01-15-16-36-0400__CAM_FRONT_RIGHT__1533151696670482.jpg",
                "type": "CAM_FRONT_RIGHT",
                "sample_data_token": "5dd74437234d469181eade17c5c412cb",
                "sensor2ego_translation": [
                    1.58082565783,
                    -0.499078711449,
                    1.51749368405
                ],
                "sensor2ego_rotation": [
                    0.20335173766558642,
                    -0.19146333228946724,
                    0.6785710044972951,
                    -0.6793609166212989
                ],
                "ego2global_translation": [
                    915.7329942116946,
                    1394.3666838974705,
                    0.0
                ],
                "ego2global_rotation": [
                    0.9851177751687741,
                    0.008437897840597269,
                    -0.004121162595908491,
                    -0.1716239696120975
                ],
                "timestamp": 1533151696670482,
                "sensor2lidar_rotation": [
                    [
                        0.5359830402432209,
                        -0.0007699172380160509,
                        0.8442283978871346
                    ],
                    [
                        -0.8424976750841019,
                        0.06351806842718312,
                        0.5349421673986452
                    ],
                    [
                        -0.05403561834118815,
                        -0.9979803916965123,
                        0.03339595394294294
                    ]
                ],
                "sensor2lidar_translation": [
                    0.498042335401351,
                    0.33965821011793196,
                    -0.3034299655163082
                ],
                "cam_intrinsic": [
                    [
                        1256.7485116440405,
                        0.0,
                        817.7887570959712
                    ],
                    [
                        0.0,
                        1256.7485116440403,
                        451.9541780095127
                    ],
                    [
                        0.0,
                        0.0,
                        1.0
                    ]
                ]
            },
            "CAM_FRONT_LEFT": {
                "data_path": "/localdata_ssd/nuScenes/samples/CAM_FRONT_LEFT/n008-2018-08-01-15-16-36-0400__CAM_FRONT_LEFT__1533151696654799.jpg",
                "type": "CAM_FRONT_LEFT",
                "sample_data_token": "4e24431e5cb447479f07a196af50a8cc",
                "sensor2ego_translation": [
                    1.5752559464,
                    0.500519383135,
                    1.50696032589
                ],
                "sensor2ego_rotation": [
                    0.6812088525125634,
                    -0.6687507165046241,
                    0.2101702448905517,
                    -0.21108161122114324
                ],
                "ego2global_translation": [
                    915.5951533291025,
                    1394.4158085482659,
                    0.0
                ],
                "ego2global_rotation": [
                    0.9850386230466265,
                    0.008434137724366455,
                    -0.004303932569645744,
                    -0.17207339303822985
                ],
                "timestamp": 1533151696654799,
                "sensor2lidar_rotation": [
                    [
                        0.5696363464646816,
                        -0.013632075114516128,
                        -0.8217837910998492
                    ],
                    [
                        0.8210823937447227,
                        0.053940019892898955,
                        0.5682553800329466
                    ],
                    [
                        0.03658053401475076,
                        -0.9984511208777448,
                        0.04191925272675798
                    ]
                ],
                "sensor2lidar_translation": [
                    -0.4996732167196569,
                    0.18862646143003303,
                    -0.3225572725762351
                ],
                "cam_intrinsic": [
                    [
                        1257.8625342125129,
                        0.0,
                        827.2410631095686
                    ],
                    [
                        0.0,
                        1257.8625342125129,
                        450.915498205774
                    ],
                    [
                        0.0,
                        0.0,
                        1.0
                    ]
                ]
            },
            "CAM_BACK": {
                "data_path": "/localdata_ssd/nuScenes/samples/CAM_BACK/n008-2018-08-01-15-16-36-0400__CAM_BACK__1533151696687558.jpg",
                "type": "CAM_BACK",
                "sample_data_token": "869fc93e3e7d49d082063d698affb3f5",
                "sensor2ego_translation": [
                    0.05524611077,
                    0.0107882366898,
                    1.56794286957
                ],
                "sensor2ego_rotation": [
                    0.5067997344989889,
                    -0.4977567019405021,
                    -0.4987849934090844,
                    0.496594225837321
                ],
                "ego2global_translation": [
                    915.8847120068854,
                    1394.3105841001152,
                    0.0
                ],
                "ego2global_rotation": [
                    0.9851653748377461,
                    0.008455639974100888,
                    -0.0038627793844130207,
                    -0.17135566903040864
                ],
                "timestamp": 1533151696687558,
                "sensor2lidar_rotation": [
                    [
                        -0.9999257953962374,
                        -0.008363076041698827,
                        -0.008857915122700722
                    ],
                    [
                        0.008518639028902002,
                        0.03976761104975863,
                        -0.999172642690185
                    ],
                    [
                        0.008708414912914535,
                        -0.9991739568616237,
                        -0.03969341808396764
                    ]
                ],
                "sensor2lidar_translation": [
                    -0.010905144614753226,
                    -1.02399761463505,
                    -0.3195048045118867
                ],
                "cam_intrinsic": [
                    [
                        796.8910634503094,
                        0.0,
                        857.7774326863696
                    ],
                    [
                        0.0,
                        796.8910634503094,
                        476.8848988407415
                    ],
                    [
                        0.0,
                        0.0,
                        1.0
                    ]
                ]
            },
            "CAM_BACK_LEFT": {
                "data_path": "/localdata_ssd/nuScenes/samples/CAM_BACK_LEFT/n008-2018-08-01-15-16-36-0400__CAM_BACK_LEFT__1533151696697405.jpg",
                "type": "CAM_BACK_LEFT",
                "sample_data_token": "fb09c809e933475ca313ff5d2bf27daf",
                "sensor2ego_translation": [
                    1.04852047718,
                    0.483058131052,
                    1.56210154484
                ],
                "sensor2ego_rotation": [
                    0.7048620297871717,
                    -0.6907306801461466,
                    -0.11209091960167808,
                    0.11617345743327073
                ],
                "ego2global_translation": [
                    915.9725078418214,
                    1394.2776424663798,
                    0.0
                ],
                "ego2global_rotation": [
                    0.9851843955058126,
                    0.008459675478467203,
                    -0.00369756103429597,
                    -0.17124972637947228
                ],
                "timestamp": 1533151696697405,
                "sensor2lidar_rotation": [
                    [
                        -0.31909838455907885,
                        -0.015837423666295574,
                        -0.9475892554178734
                    ],
                    [
                        0.9468596047474337,
                        0.03730738167602248,
                        -0.3194762090829499
                    ],
                    [
                        0.040411754098521296,
                        -0.9991783300713107,
                        0.0030910914879385405
                    ]
                ],
                "sensor2lidar_translation": [
                    -0.48241277900388013,
                    0.06250033424896628,
                    -0.27685807595769596
                ],
                "cam_intrinsic": [
                    [
                        1254.9860565800168,
                        0.0,
                        829.5769333630991
                    ],
                    [
                        0.0,
                        1254.9860565800168,
                        467.1680561863987
                    ],
                    [
                        0.0,
                        0.0,
                        1.0
                    ]
                ]
            },
            "CAM_BACK_RIGHT": {
                "data_path": "/localdata_ssd/nuScenes/samples/CAM_BACK_RIGHT/n008-2018-08-01-15-16-36-0400__CAM_BACK_RIGHT__1533151696678113.jpg",
                "type": "CAM_BACK_RIGHT",
                "sample_data_token": "ecd950a42e6441f69610073ba51acdb0",
                "sensor2ego_translation": [
                    1.05945173053,
                    -0.46720294852,
                    1.55050857555
                ],
                "sensor2ego_rotation": [
                    0.13819187705364147,
                    -0.13796718183628456,
                    -0.6893329941542625,
                    0.697630335509333
                ],
                "ego2global_translation": [
                    915.8004844587194,
                    1394.3421699335,
                    0.0
                ],
                "ego2global_rotation": [
                    0.9851470660961049,
                    0.008449768040127483,
                    -0.0040057623891124675,
                    -0.17145790576694517
                ],
                "timestamp": 1533151696678113,
                "sensor2lidar_rotation": [
                    [
                        -0.38292834933701686,
                        0.01430901852183576,
                        0.923667218895944
                    ],
                    [
                        -0.9226143519116948,
                        0.044248079130477375,
                        -0.3831773285827658
                    ],
                    [
                        -0.04635339168377411,
                        -0.9989180944813258,
                        -0.003742138052751456
                    ]
                ],
                "sensor2lidar_translation": [
                    0.46583828963616725,
                    -0.11040836837247525,
                    -0.29229821364480024
                ],
                "cam_intrinsic": [
                    [
                        1249.9629280788233,
                        0.0,
                        825.3768045375984
                    ],
                    [
                        0.0,
                        1249.9629280788233,
                        462.54816385708756
                    ],
                    [
                        0.0,
                        0.0,
                        1.0
                    ]
                ]
            }
        },
        "scene_token": "2ed0fcbfc214478ca3b3ce013e7723ba",
        "lidar2ego_translation": [
            0.985793,
            0.0,
            1.84019
        ],
        "lidar2ego_rotation": [
            0.706749235646644,
            -0.015300993788500868,
            0.01739745181256607,
            -0.7070846669051719
        ],
        "ego2global_translation": [
            915.9845257388033,
            1394.2731327276965,
            0.0
        ],
        "ego2global_rotation": [
            0.9851870684477163,
            0.008457876713581598,
            -0.0036936997896739776,
            -0.17123452066320524
        ],
        "timestamp": 1533151696698750,
        "fut_valid_flag": true,
        "map_location": "boston-seaport",
        "gt_boxes": [
            [
                -31.551730036323377,
                -19.5459999996446,
                -2.4809394313134274,
                1.895,
                4.501,
                1.921,
                -2.958004450513748
            ],
            [
                -9.02939675575534,
                -34.12139447073878,
                -2.734869758401506,
                2.21,
                4.616,
                1.427,
                0.036980545909893525
            ],
            [
                34.04631914623683,
                -4.925805130042885,
                0.0007010376630092185,
                2.159,
                5.275,
                1.956,
                -4.605455638085291
            ],
            [
                12.060830864208038,
                47.593993021360035,
                1.4502599832236105,
                1.659,
                4.308,
                1.495,
                1.4402252645378413
            ],
            [
                -49.93054403587485,
                6.917241366157608,
                -2.0617421207511653,
                1.945,
                4.77,
                1.776,
                -2.986121704772736
            ],
            [
                2.56958790835686,
                51.75132142539503,
                1.3919702413500052,
                1.695,
                4.772,
                1.717,
                -3.2705929195879406
            ],
            [
                20.490627006503072,
                -39.12913495681159,
                -2.1532983527800216,
                1.991,
                4.678,
                1.938,
                0.19222758283831776
            ],
            [
                14.014860107817187,
                -14.760007251223897,
                -1.151513973463401,
                1.973,
                4.452,
                1.769,
                1.4856212783598464
            ],
            [
                -3.551297014956709,
                13.555049822949927,
                -0.6827850280232279,
                0.713,
                0.772,
                1.099,
                -3.15702434451632
            ],
            [
                -37.13006904572001,
                48.389111065323156,
                0.20582302315266365,
                2.004,
                4.674,
                1.643,
                0.21025683400585038
            ],
            [
                -19.23776959942496,
                43.84495030046008,
                0.38350945252888646,
                1.839,
                5.016,
                1.857,
                -0.09803812506689402
            ],
            [
                22.310924381980033,
                26.706188420937835,
                0.2718148841592356,
                3.398,
                0.852,
                0.949,
                -3.195823016636748
            ],
            [
                -1.4422484709972858,
                -59.54891105742157,
                -3.3032658694565766,
                0.669,
                0.829,
                1.849,
                -4.40517910642105
            ],
            [
                6.711761614553101,
                -7.345153270272037,
                -1.2107663054542215,
                1.637,
                3.955,
                1.612,
                -3.1834660833254538
            ],
            [
                30.54455808928024,
                -21.18511664125769,
                -1.2513136113160992,
                1.975,
                4.742,
                1.872,
                -4.5138782122742995
            ],
            [
                34.248171936461475,
                -27.261742111536794,
                -1.0921176160074777,
                1.976,
                4.889,
                1.785,
                -4.493283327106619
            ],
            [
                -33.99227454355457,
                -2.301846046208215,
                -2.1187848532549136,
                2.133,
                4.592,
                1.438,
                -2.944652679092579
            ],
            [
                -30.84192257551521,
                35.553930891592216,
                0.011740883025563198,
                2.072,
                5.629,
                1.953,
                -2.9417030753420303
            ],
            [
                -11.88108697543553,
                83.51600531205352,
                2.6500091849397682,
                2.195,
                4.516,
                1.743,
                -3.339986926798338
            ],
            [
                32.79259121156453,
                -13.304275529844567,
                -0.2854650425574098,
                2.295,
                5.241,
                2.0,
                -4.527072901428741
            ],
            [
                -31.453079639990587,
                -28.814866560704658,
                -2.847214973174558,
                1.799,
